-2.976245671821909244e+00 1.627721344646709256e-01
-2.645551708286141501e+00 1.559266955783101538e-01
-2.314857744750373758e+00 1.614206540329616302e-01
-1.984163781214606015e+00 1.693990905530992630e-01
-1.653469817678838494e+00 1.790835194935473940e-01
-1.322775854143070973e+00 1.494015992354978395e-01
-9.920818906073032295e-01 1.649254450358995927e-01
-6.613879270715354863e-01 1.321994425415022045e-01
-3.306939635357677432e-01 1.571281975587792423e-01
0.000000000000000000e+00 1.594303617574750198e-01
3.306939635357677432e-01 1.571281975587792423e-01
6.613879270715352643e-01 1.321994425415023711e-01
9.920818906073027854e-01 1.649254450358995927e-01
1.322775854143070529e+00 1.494015992354977562e-01
1.653469817678838272e+00 1.790835194935473940e-01
1.984163781214606015e+00 1.693990905530991520e-01
2.314857744750373758e+00 1.614206540329616302e-01
2.645551708286141501e+00 1.559266955783101538e-01
2.976245671821909244e+00 1.627721344646709256e-01
