-2.976245671821909244e+00 1.869936821614385514e-01
-2.645551708286141501e+00 1.022938372311017197e-01
-2.314857744750373758e+00 1.065764056999535109e-01
-1.984163781214606015e+00 1.151721995780002755e-01
-1.653469817678838494e+00 1.882029567662323877e-01
-1.322775854143070973e+00 2.086878470170813460e-01
-9.920818906073032295e-01 1.486868047173573182e-01
-6.613879270715354863e-01 1.304463116452396210e-01
-3.306939635357677432e-01 1.513580804687649217e-01
0.000000000000000000e+00 3.474257017290633964e-01
3.306939635357677432e-01 1.514559765807848846e-01
6.613879270715352643e-01 1.302422755380824304e-01
9.920818906073027854e-01 1.486565342090353514e-01
1.322775854143070529e+00 2.087461982522720583e-01
1.653469817678838272e+00 1.882005093634318837e-01
1.984163781214606015e+00 1.151107568866402975e-01
2.314857744750373758e+00 1.066427431969143996e-01
2.645551708286141501e+00 1.022495263593453108e-01
2.976245671821909244e+00 1.867955713452718325e-01
