-2.976245671821909244e+00 1.347821879557641878e-01
-2.645551708286141501e+00 1.310578545312600096e-01
-2.314857744750373758e+00 1.119757093093868006e-01
-1.984163781214606015e+00 1.419542888207843689e-01
-1.653469817678838494e+00 1.598911712996310963e-01
-1.322775854143070973e+00 1.699695753920962837e-01
-9.920818906073032295e-01 1.925349525714936116e-01
-6.613879270715354863e-01 1.812084160931576593e-01
-3.306939635357677432e-01 1.801798101354193382e-01
0.000000000000000000e+00 2.168359865280246601e-01
3.306939635357677432e-01 1.801798101354193382e-01
6.613879270715352643e-01 1.812084160931579091e-01
9.920818906073027854e-01 1.925349525714936116e-01
1.322775854143070529e+00 1.699695753920961450e-01
1.653469817678838272e+00 1.598911712996310963e-01
1.984163781214606015e+00 1.419542888207842579e-01
2.314857744750373758e+00 1.119757093093868006e-01
2.645551708286141501e+00 1.310578545312600096e-01
2.976245671821909244e+00 1.347821879557641878e-01
