-2.976245671821909244e+00 2.079889247970776456e-01
-2.645551708286141501e+00 1.748753646246518634e-01
-2.314857744750373758e+00 1.763485535270340743e-01
-1.984163781214606015e+00 2.041425126177965621e-01
-1.653469817678838494e+00 1.803091269900897742e-01
-1.322775854143070973e+00 1.851036518667542596e-01
-9.920818906073032295e-01 1.661834110232302264e-01
-6.613879270715354863e-01 1.067230211643102056e-01
-3.306939635357677432e-01 7.972349865785641199e-02
0.000000000000000000e+00 6.114778820840939544e-02
3.306939635357677432e-01 7.972349865785641199e-02
6.613879270715352643e-01 1.067230211643103582e-01
9.920818906073027854e-01 1.661834110232302264e-01
1.322775854143070529e+00 1.851036518667541764e-01
1.653469817678838272e+00 1.803091269900897742e-01
1.984163781214606015e+00 2.041425126177964233e-01
2.314857744750373758e+00 1.763485535270340743e-01
2.645551708286141501e+00 1.748753646246518634e-01
2.976245671821909244e+00 2.079889247970776456e-01
