-2.976245671821909244e+00 1.972799283616585297e-01
-2.645551708286141501e+00 1.980650190255668630e-01
-2.314857744750373758e+00 1.984191091390146988e-01
-1.984163781214606015e+00 1.972932712525315713e-01
-1.653469817678838494e+00 1.918745470421857613e-01
-1.322775854143070973e+00 1.760488714562934154e-01
-9.920818906073032295e-01 1.520975012051331010e-01
-6.613879270715354863e-01 1.146711958119618069e-01
-3.306939635357677432e-01 6.631290887502797049e-02
0.000000000000000000e+00 3.981921440726419320e-02
3.306939635357677432e-01 6.631290887502797049e-02
6.613879270715352643e-01 1.146711958119619734e-01
9.920818906073027854e-01 1.520975012051331010e-01
1.322775854143070529e+00 1.760488714562933044e-01
1.653469817678838272e+00 1.918745470421857613e-01
1.984163781214606015e+00 1.972932712525314325e-01
2.314857744750373758e+00 1.984191091390146988e-01
2.645551708286141501e+00 1.980650190255668630e-01
2.976245671821909244e+00 1.972799283616585297e-01
