2.777777777777777624e-02 0.000000000000000000e+00
8.333333333333332871e-02 3.076923076923077094e-02
1.388888888888888951e-01 2.976019676163147928e-02
1.944444444444444198e-01 1.679379444085326578e-01
2.500000000000000000e-01 3.328573873661778704e-01
3.055555555555555802e-01 2.859573450647790449e-01
3.611111111111110494e-01 3.574126160783264727e-01
4.166666666666666297e-01 5.868449796683385955e-01
4.722222222222222099e-01 7.850032801621933398e-01
5.277777777777777901e-01 1.194983335974386440e+00
5.833333333333332593e-01 1.130806605912631158e+00
6.388888888888888395e-01 1.437448028468867989e+00
6.944444444444444198e-01 1.492774490786551222e+00
7.500000000000000000e-01 1.436724952454351945e+00
8.055555555555554692e-01 1.962008460012617306e+00
8.611111111111110494e-01 2.383555821412737252e+00
9.166666666666666297e-01 1.968417537524119298e+00
9.722222222222222099e-01 2.416737787174524588e+00
