2.777777777777777624e-02 4.870305431422894491e-04
8.333333333333332871e-02 7.254507259544071447e-03
1.388888888888888951e-01 3.116545909455444019e-02
1.944444444444444198e-01 8.505950972092150841e-02
2.500000000000000000e-01 1.769749109337690196e-01
3.055555555555555802e-01 2.998175009139109060e-01
3.611111111111110494e-01 4.486690204533682058e-01
4.166666666666666297e-01 6.239985174290745285e-01
4.722222222222222099e-01 8.137066545938590467e-01
5.277777777777777901e-01 1.015109519016127892e+00
5.833333333333332593e-01 1.216329559665281224e+00
6.388888888888888395e-01 1.412830648990260229e+00
6.944444444444444198e-01 1.599132569464083442e+00
7.500000000000000000e-01 1.768538276479665994e+00
8.055555555555554692e-01 1.925976519133597575e+00
8.611111111111110494e-01 2.063914058840115473e+00
9.166666666666666297e-01 2.195063142052988692e+00
9.722222222222222099e-01 2.315972595415734414e+00
