2.777777777777777624e-02 6.514730764743320579e-01
8.333333333333332871e-02 6.589473478847284182e-01
1.388888888888888951e-01 6.805543409443275404e-01
1.944444444444444198e-01 6.833637100916082341e-01
2.500000000000000000e-01 6.853342555906557498e-01
3.055555555555555802e-01 6.973461488934130648e-01
3.611111111111110494e-01 7.002720639223495303e-01
4.166666666666666297e-01 7.131979222970372678e-01
4.722222222222222099e-01 7.688792507565149759e-01
5.277777777777777901e-01 9.435677258724994854e-01
5.833333333333332593e-01 9.047272773122796430e-01
6.388888888888888395e-01 9.138914640066825301e-01
6.944444444444444198e-01 9.372681142693175538e-01
7.500000000000000000e-01 9.716552833515373910e-01
8.055555555555554692e-01 1.023593342112043558e+00
8.611111111111110494e-01 1.165460350055948835e+00
9.166666666666666297e-01 1.614091453502217943e+00
9.722222222222222099e-01 3.286376872662505111e+00
