2.777777777777777624e-02 1.043801652892561993e-01
8.333333333333332871e-02 3.591385348087967055e-01
1.388888888888888951e-01 7.344032424568089912e-01
1.944444444444444198e-01 4.653970085022383074e-01
2.500000000000000000e-01 6.313005140422884853e-01
3.055555555555555802e-01 6.148003568986079026e-01
3.611111111111110494e-01 7.953235217605747476e-01
4.166666666666666297e-01 6.136636607297349943e-01
4.722222222222222099e-01 9.146910802421539533e-01
5.277777777777777901e-01 9.889240954821481022e-01
5.833333333333332593e-01 1.093688715435748637e+00
6.388888888888888395e-01 9.139367552596044941e-01
6.944444444444444198e-01 1.364474557437486135e+00
7.500000000000000000e-01 1.378722315932959130e+00
8.055555555555554692e-01 1.424455541286411719e+00
8.611111111111110494e-01 1.452081312143851388e+00
9.166666666666666297e-01 2.141377414392005907e+00
9.722222222222222099e-01 2.009241207899322923e+00
