2.777777777777777624e-02 1.487603305785123974e-02
8.333333333333332871e-02 2.256912167775702582e-01
1.388888888888888951e-01 1.649159457909066262e-01
1.944444444444444198e-01 1.804394393409889941e-01
2.500000000000000000e-01 4.681893651924714517e-01
3.055555555555555802e-01 5.439428826472385570e-01
3.611111111111110494e-01 8.606967306378047189e-01
4.166666666666666297e-01 9.517967729989530445e-01
4.722222222222222099e-01 1.253930809931613322e+00
5.277777777777777901e-01 1.059780097732674120e+00
5.833333333333332593e-01 1.150597894776653307e+00
6.388888888888888395e-01 1.041773808881865548e+00
6.944444444444444198e-01 1.476612314890849209e+00
7.500000000000000000e-01 1.408409785369647782e+00
8.055555555555554692e-01 1.468100725876693158e+00
8.611111111111110494e-01 1.738985042013465598e+00
9.166666666666666297e-01 2.070640319065998547e+00
9.722222222222222099e-01 1.920620815016754079e+00
